/*--------------------------------*- C++ -*----------------------------------*\
  =========                 |
  \\      /  F ield         | OpenFOAM: The Open Source CFD Toolbox
   \\    /   O peration     | Website:  https://openfoam.org
    \\  /    A nd           | Version:  dev
     \\/     M anipulation  |
\*---------------------------------------------------------------------------*/
FoamFile
{
    version     2.0;
    format      ascii;
    class       labelList;
    note        "nPoints:10201  nCells:5000  nFaces:20050  nInternalFaces:9850";
    location    "constant/polyMesh";
    object      neighbour;
}
// * * * * * * * * * * * * * * * * * * * * * * * * * * * * * * * * * * * * * //


9850
(
1
49
2
50
3
51
4
52
5
53
6
54
7
55
8
56
9
57
10
58
11
59
12
60
13
61
14
62
15
63
16
64
17
65
18
66
19
67
20
68
21
69
22
70
23
71
24
72
25
73
26
74
27
75
28
76
29
77
30
78
31
79
32
80
33
81
34
82
35
83
36
84
37
85
38
86
39
87
40
88
41
89
42
90
43
91
44
92
45
93
46
94
47
95
48
96
97
4900
50
98
51
99
52
100
53
101
54
102
55
103
56
104
57
105
58
106
59
107
60
108
61
109
62
110
63
111
64
112
65
113
66
114
67
115
68
116
69
117
70
118
71
119
72
120
73
121
74
122
75
123
76
124
77
125
78
126
79
127
80
128
81
129
82
130
83
131
84
132
85
133
86
134
87
135
88
136
89
137
90
138
91
139
92
140
93
141
94
142
95
143
96
144
97
145
146
4901
99
147
100
148
101
149
102
150
103
151
104
152
105
153
106
154
107
155
108
156
109
157
110
158
111
159
112
160
113
161
114
162
115
163
116
164
117
165
118
166
119
167
120
168
121
169
122
170
123
171
124
172
125
173
126
174
127
175
128
176
129
177
130
178
131
179
132
180
133
181
134
182
135
183
136
184
137
185
138
186
139
187
140
188
141
189
142
190
143
191
144
192
145
193
146
194
195
4902
148
196
149
197
150
198
151
199
152
200
153
201
154
202
155
203
156
204
157
205
158
206
159
207
160
208
161
209
162
210
163
211
164
212
165
213
166
214
167
215
168
216
169
217
170
218
171
219
172
220
173
221
174
222
175
223
176
224
177
225
178
226
179
227
180
228
181
229
182
230
183
231
184
232
185
233
186
234
187
235
188
236
189
237
190
238
191
239
192
240
193
241
194
242
195
243
244
4903
197
245
198
246
199
247
200
248
201
249
202
250
203
251
204
252
205
253
206
254
207
255
208
256
209
257
210
258
211
259
212
260
213
261
214
262
215
263
216
264
217
265
218
266
219
267
220
268
221
269
222
270
223
271
224
272
225
273
226
274
227
275
228
276
229
277
230
278
231
279
232
280
233
281
234
282
235
283
236
284
237
285
238
286
239
287
240
288
241
289
242
290
243
291
244
292
293
4904
246
294
247
295
248
296
249
297
250
298
251
299
252
300
253
301
254
302
255
303
256
304
257
305
258
306
259
307
260
308
261
309
262
310
263
311
264
312
265
313
266
314
267
315
268
316
269
317
270
318
271
319
272
320
273
321
274
322
275
323
276
324
277
325
278
326
279
327
280
328
281
329
282
330
283
331
284
332
285
333
286
334
287
335
288
336
289
337
290
338
291
339
292
340
293
341
342
4905
295
343
296
344
297
345
298
346
299
347
300
348
301
349
302
350
303
351
304
352
305
353
306
354
307
355
308
356
309
357
310
358
311
359
312
360
313
361
314
362
315
363
316
364
317
365
318
366
319
367
320
368
321
369
322
370
323
371
324
372
325
373
326
374
327
375
328
376
329
377
330
378
331
379
332
380
333
381
334
382
335
383
336
384
337
385
338
386
339
387
340
388
341
389
342
390
391
4906
344
392
345
393
346
394
347
395
348
396
349
397
350
398
351
399
352
400
353
401
354
402
355
403
356
404
357
405
358
406
359
407
360
408
361
409
362
410
363
411
364
412
365
413
366
414
367
415
368
416
369
417
370
418
371
419
372
420
373
421
374
422
375
423
376
424
377
425
378
426
379
427
380
428
381
429
382
430
383
431
384
432
385
433
386
434
387
435
388
436
389
437
390
438
391
439
440
4907
393
441
394
442
395
443
396
444
397
445
398
446
399
447
400
448
401
449
402
450
403
451
404
452
405
453
406
454
407
455
408
456
409
457
410
458
411
459
412
460
413
461
414
462
415
463
416
464
417
465
418
466
419
467
420
468
421
469
422
470
423
471
424
472
425
473
426
474
427
475
428
476
429
477
430
478
431
479
432
480
433
481
434
482
435
483
436
484
437
485
438
486
439
487
440
488
489
4908
442
490
443
491
444
492
445
493
446
494
447
495
448
496
449
497
450
498
451
499
452
500
453
501
454
502
455
503
456
504
457
505
458
506
459
507
460
508
461
509
462
510
463
511
464
512
465
513
466
514
467
515
468
516
469
517
470
518
471
519
472
520
473
521
474
522
475
523
476
524
477
525
478
526
479
527
480
528
481
529
482
530
483
531
484
532
485
533
486
534
487
535
488
536
489
537
538
4909
491
539
492
540
493
541
494
542
495
543
496
544
497
545
498
546
499
547
500
548
501
549
502
550
503
551
504
552
505
553
506
554
507
555
508
556
509
557
510
558
511
559
512
560
513
561
514
562
515
563
516
564
517
565
518
566
519
567
520
568
521
569
522
570
523
571
524
572
525
573
526
574
527
575
528
576
529
577
530
578
531
579
532
580
533
581
534
582
535
583
536
584
537
585
538
586
587
4910
540
588
541
589
542
590
543
591
544
592
545
593
546
594
547
595
548
596
549
597
550
598
551
599
552
600
553
601
554
602
555
603
556
604
557
605
558
606
559
607
560
608
561
609
562
610
563
611
564
612
565
613
566
614
567
615
568
616
569
617
570
618
571
619
572
620
573
621
574
622
575
623
576
624
577
625
578
626
579
627
580
628
581
629
582
630
583
631
584
632
585
633
586
634
587
635
636
4911
589
637
590
638
591
639
592
640
593
641
594
642
595
643
596
644
597
645
598
646
599
647
600
648
601
649
602
650
603
651
604
652
605
653
606
654
607
655
608
656
609
657
610
658
611
659
612
660
613
661
614
662
615
663
616
664
617
665
618
666
619
667
620
668
621
669
622
670
623
671
624
672
625
673
626
674
627
675
628
676
629
677
630
678
631
679
632
680
633
681
634
682
635
683
636
684
685
4912
638
686
639
687
640
688
641
689
642
690
643
691
644
692
645
693
646
694
647
695
648
696
649
697
650
698
651
699
652
700
653
701
654
702
655
703
656
704
657
705
658
706
659
707
660
708
661
709
662
710
663
711
664
712
665
713
666
714
667
715
668
716
669
717
670
718
671
719
672
720
673
721
674
722
675
723
676
724
677
725
678
726
679
727
680
728
681
729
682
730
683
731
684
732
685
733
734
4913
687
735
688
736
689
737
690
738
691
739
692
740
693
741
694
742
695
743
696
744
697
745
698
746
699
747
700
748
701
749
702
750
703
751
704
752
705
753
706
754
707
755
708
756
709
757
710
758
711
759
712
760
713
761
714
762
715
763
716
764
717
765
718
766
719
767
720
768
721
769
722
770
723
771
724
772
725
773
726
774
727
775
728
776
729
777
730
778
731
779
732
780
733
781
734
782
783
4914
736
784
737
785
738
786
739
787
740
788
741
789
742
790
743
791
744
792
745
793
746
794
747
795
748
796
749
797
750
798
751
799
752
800
753
801
754
802
755
803
756
804
757
805
758
806
759
807
760
808
761
809
762
810
763
811
764
812
765
813
766
814
767
815
768
816
769
817
770
818
771
819
772
820
773
821
774
822
775
823
776
824
777
825
778
826
779
827
780
828
781
829
782
830
783
831
832
4915
785
833
786
834
787
835
788
836
789
837
790
838
791
839
792
840
793
841
794
842
795
843
796
844
797
845
798
846
799
847
800
848
801
849
802
850
803
851
804
852
805
853
806
854
807
855
808
856
809
857
810
858
811
859
812
860
813
861
814
862
815
863
816
864
817
865
818
866
819
867
820
868
821
869
822
870
823
871
824
872
825
873
826
874
827
875
828
876
829
877
830
878
831
879
832
880
881
4916
834
882
835
883
836
884
837
885
838
886
839
887
840
888
841
889
842
890
843
891
844
892
845
893
846
894
847
895
848
896
849
897
850
898
851
899
852
900
853
901
854
902
855
903
856
904
857
905
858
906
859
907
860
908
861
909
862
910
863
911
864
912
865
913
866
914
867
915
868
916
869
917
870
918
871
919
872
920
873
921
874
922
875
923
876
924
877
925
878
926
879
927
880
928
881
929
930
4917
883
931
884
932
885
933
886
934
887
935
888
936
889
937
890
938
891
939
892
940
893
941
894
942
895
943
896
944
897
945
898
946
899
947
900
948
901
949
902
950
903
951
904
952
905
953
906
954
907
955
908
956
909
957
910
958
911
959
912
960
913
961
914
962
915
963
916
964
917
965
918
966
919
967
920
968
921
969
922
970
923
971
924
972
925
973
926
974
927
975
928
976
929
977
930
978
979
4918
932
980
933
981
934
982
935
983
936
984
937
985
938
986
939
987
940
988
941
989
942
990
943
991
944
992
945
993
946
994
947
995
948
996
949
997
950
998
951
999
952
1000
953
1001
954
1002
955
1003
956
1004
957
1005
958
1006
959
1007
960
1008
961
1009
962
1010
963
1011
964
1012
965
1013
966
1014
967
1015
968
1016
969
1017
970
1018
971
1019
972
1020
973
1021
974
1022
975
1023
976
1024
977
1025
978
1026
979
1027
1028
4919
981
1029
982
1030
983
1031
984
1032
985
1033
986
1034
987
1035
988
1036
989
1037
990
1038
991
1039
992
1040
993
1041
994
1042
995
1043
996
1044
997
1045
998
1046
999
1047
1000
1048
1001
1049
1002
1050
1003
1051
1004
1052
1005
1053
1006
1054
1007
1055
1008
1056
1009
1057
1010
1058
1011
1059
1012
1060
1013
1061
1014
1062
1015
1063
1016
1064
1017
1065
1018
1066
1019
1067
1020
1068
1021
1069
1022
1070
1023
1071
1024
1072
1025
1073
1026
1074
1027
1075
1028
1076
1077
4920
1030
1078
1031
1079
1032
1080
1033
1081
1034
1082
1035
1083
1036
1084
1037
1085
1038
1086
1039
1087
1040
1088
1041
1089
1042
1090
1043
1091
1044
1092
1045
1093
1046
1094
1047
1095
1048
1096
1049
1097
1050
1098
1051
1099
1052
1100
1053
1101
1054
1102
1055
1103
1056
1104
1057
1105
1058
1106
1059
1107
1060
1108
1061
1109
1062
1110
1063
1111
1064
1112
1065
1113
1066
1114
1067
1115
1068
1116
1069
1117
1070
1118
1071
1119
1072
1120
1073
1121
1074
1122
1075
1123
1076
1124
1077
1125
1126
4921
1079
1127
1080
1128
1081
1129
1082
1130
1083
1131
1084
1132
1085
1133
1086
1134
1087
1135
1088
1136
1089
1137
1090
1138
1091
1139
1092
1140
1093
1141
1094
1142
1095
1143
1096
1144
1097
1145
1098
1146
1099
1147
1100
1148
1101
1149
1102
1150
1103
1151
1104
1152
1105
1153
1106
1154
1107
1155
1108
1156
1109
1157
1110
1158
1111
1159
1112
1160
1113
1161
1114
1162
1115
1163
1116
1164
1117
1165
1118
1166
1119
1167
1120
1168
1121
1169
1122
1170
1123
1171
1124
1172
1125
1173
1126
1174
1175
4922
1128
1176
1129
1177
1130
1178
1131
1179
1132
1180
1133
1181
1134
1182
1135
1183
1136
1184
1137
1185
1138
1186
1139
1187
1140
1188
1141
1189
1142
1190
1143
1191
1144
1192
1145
1193
1146
1194
1147
1195
1148
1196
1149
1197
1150
1198
1151
1199
1152
1200
1153
1201
1154
1202
1155
1203
1156
1204
1157
1205
1158
1206
1159
1207
1160
1208
1161
1209
1162
1210
1163
1211
1164
1212
1165
1213
1166
1214
1167
1215
1168
1216
1169
1217
1170
1218
1171
1219
1172
1220
1173
1221
1174
1222
1175
1223
1224
4923
1177
1225
1178
1226
1179
1227
1180
1228
1181
1229
1182
1230
1183
1231
1184
1232
1185
1233
1186
1234
1187
1235
1188
1236
1189
1237
1190
1238
1191
1239
1192
1240
1193
1241
1194
1242
1195
1243
1196
1244
1197
1245
1198
1246
1199
1247
1200
1248
1201
1249
1202
1250
1203
1251
1204
1252
1205
1253
1206
1254
1207
1255
1208
1256
1209
1257
1210
1258
1211
1259
1212
1260
1213
1261
1214
1262
1215
1263
1216
1264
1217
1265
1218
1266
1219
1267
1220
1268
1221
1269
1222
1270
1223
1271
1224
1272
1273
4924
1226
1274
1227
1275
1228
1276
1229
1277
1230
1278
1231
1279
1232
1280
1233
1281
1234
1282
1235
1283
1236
1284
1237
1285
1238
1286
1239
1287
1240
1288
1241
1289
1242
1290
1243
1291
1244
1292
1245
1293
1246
1294
1247
1295
1248
1296
1249
1297
1250
1298
1251
1299
1252
1300
1253
1301
1254
1302
1255
1303
1256
1304
1257
1305
1258
1306
1259
1307
1260
1308
1261
1309
1262
1310
1263
1311
1264
1312
1265
1313
1266
1314
1267
1315
1268
1316
1269
1317
1270
1318
1271
1319
1272
1320
1273
1321
1322
4925
1275
1323
1276
1324
1277
1325
1278
1326
1279
1327
1280
1328
1281
1329
1282
1330
1283
1331
1284
1332
1285
1333
1286
1334
1287
1335
1288
1336
1289
1337
1290
1338
1291
1339
1292
1340
1293
1341
1294
1342
1295
1343
1296
1344
1297
1345
1298
1346
1299
1347
1300
1348
1301
1349
1302
1350
1303
1351
1304
1352
1305
1353
1306
1354
1307
1355
1308
1356
1309
1357
1310
1358
1311
1359
1312
1360
1313
1361
1314
1362
1315
1363
1316
1364
1317
1365
1318
1366
1319
1367
1320
1368
1321
1369
1322
1370
1371
4926
1324
1372
1325
1373
1326
1374
1327
1375
1328
1376
1329
1377
1330
1378
1331
1379
1332
1380
1333
1381
1334
1382
1335
1383
1336
1384
1337
1385
1338
1386
1339
1387
1340
1388
1341
1389
1342
1390
1343
1391
1344
1392
1345
1393
1346
1394
1347
1395
1348
1396
1349
1397
1350
1398
1351
1399
1352
1400
1353
1401
1354
1402
1355
1403
1356
1404
1357
1405
1358
1406
1359
1407
1360
1408
1361
1409
1362
1410
1363
1411
1364
1412
1365
1413
1366
1414
1367
1415
1368
1416
1369
1417
1370
1418
1371
1419
1420
4927
1373
1421
1374
1422
1375
1423
1376
1424
1377
1425
1378
1426
1379
1427
1380
1428
1381
1429
1382
1430
1383
1431
1384
1432
1385
1433
1386
1434
1387
1435
1388
1436
1389
1437
1390
1438
1391
1439
1392
1440
1393
1441
1394
1442
1395
1443
1396
1444
1397
1445
1398
1446
1399
1447
1400
1448
1401
1449
1402
1450
1403
1451
1404
1452
1405
1453
1406
1454
1407
1455
1408
1456
1409
1457
1410
1458
1411
1459
1412
1460
1413
1461
1414
1462
1415
1463
1416
1464
1417
1465
1418
1466
1419
1467
1420
1468
1469
4928
1422
1470
1423
1471
1424
1472
1425
1473
1426
1474
1427
1475
1428
1476
1429
1477
1430
1478
1431
1479
1432
1480
1433
1481
1434
1482
1435
1483
1436
1484
1437
1485
1438
1486
1439
1487
1440
1488
1441
1489
1442
1490
1443
1491
1444
1492
1445
1493
1446
1494
1447
1495
1448
1496
1449
1497
1450
1498
1451
1499
1452
1500
1453
1501
1454
1502
1455
1503
1456
1504
1457
1505
1458
1506
1459
1507
1460
1508
1461
1509
1462
1510
1463
1511
1464
1512
1465
1513
1466
1514
1467
1515
1468
1516
1469
1517
1518
4929
1471
1519
1472
1520
1473
1521
1474
1522
1475
1523
1476
1524
1477
1525
1478
1526
1479
1527
1480
1528
1481
1529
1482
1530
1483
1531
1484
1532
1485
1533
1486
1534
1487
1535
1488
1536
1489
1537
1490
1538
1491
1539
1492
1540
1493
1541
1494
1542
1495
1543
1496
1544
1497
1545
1498
1546
1499
1547
1500
1548
1501
1549
1502
1550
1503
1551
1504
1552
1505
1553
1506
1554
1507
1555
1508
1556
1509
1557
1510
1558
1511
1559
1512
1560
1513
1561
1514
1562
1515
1563
1516
1564
1517
1565
1518
1566
1567
4930
1520
1568
1521
1569
1522
1570
1523
1571
1524
1572
1525
1573
1526
1574
1527
1575
1528
1576
1529
1577
1530
1578
1531
1579
1532
1580
1533
1581
1534
1582
1535
1583
1536
1584
1537
1585
1538
1586
1539
1587
1540
1588
1541
1589
1542
1590
1543
1591
1544
1592
1545
1593
1546
1594
1547
1595
1548
1596
1549
1597
1550
1598
1551
1599
1552
1600
1553
1601
1554
1602
1555
1603
1556
1604
1557
1605
1558
1606
1559
1607
1560
1608
1561
1609
1562
1610
1563
1611
1564
1612
1565
1613
1566
1614
1567
1615
1616
4931
1569
1617
1570
1618
1571
1619
1572
1620
1573
1621
1574
1622
1575
1623
1576
1624
1577
1625
1578
1626
1579
1627
1580
1628
1581
1629
1582
1630
1583
1631
1584
1632
1585
1633
1586
1634
1587
1635
1588
1636
1589
1637
1590
1638
1591
1639
1592
1640
1593
1641
1594
1642
1595
1643
1596
1644
1597
1645
1598
1646
1599
1647
1600
1648
1601
1649
1602
1650
1603
1651
1604
1652
1605
1653
1606
1654
1607
1655
1608
1656
1609
1657
1610
1658
1611
1659
1612
1660
1613
1661
1614
1662
1615
1663
1616
1664
1665
4932
1618
1666
1619
1667
1620
1668
1621
1669
1622
1670
1623
1671
1624
1672
1625
1673
1626
1674
1627
1675
1628
1676
1629
1677
1630
1678
1631
1679
1632
1680
1633
1681
1634
1682
1635
1683
1636
1684
1637
1685
1638
1686
1639
1687
1640
1688
1641
1689
1642
1690
1643
1691
1644
1692
1645
1693
1646
1694
1647
1695
1648
1696
1649
1697
1650
1698
1651
1699
1652
1700
1653
1701
1654
1702
1655
1703
1656
1704
1657
1705
1658
1706
1659
1707
1660
1708
1661
1709
1662
1710
1663
1711
1664
1712
1665
1713
1714
4933
1667
1715
1668
1716
1669
1717
1670
1718
1671
1719
1672
1720
1673
1721
1674
1722
1675
1723
1676
1724
1677
1725
1678
1726
1679
1727
1680
1728
1681
1729
1682
1730
1683
1731
1684
1732
1685
1733
1686
1734
1687
1735
1688
1736
1689
1737
1690
1738
1691
1739
1692
1740
1693
1741
1694
1742
1695
1743
1696
1744
1697
1745
1698
1746
1699
1747
1700
1748
1701
1749
1702
1750
1703
1751
1704
1752
1705
1753
1706
1754
1707
1755
1708
1756
1709
1757
1710
1758
1711
1759
1712
1760
1713
1761
1714
1762
1763
4934
1716
1764
1717
1765
1718
1766
1719
1767
1720
1768
1721
1769
1722
1770
1723
1771
1724
1772
1725
1773
1726
1774
1727
1775
1728
1776
1729
1777
1730
1778
1731
1779
1732
1780
1733
1781
1734
1782
1735
1783
1736
1784
1737
1785
1738
1786
1739
1787
1740
1788
1741
1789
1742
1790
1743
1791
1744
1792
1745
1793
1746
1794
1747
1795
1748
1796
1749
1797
1750
1798
1751
1799
1752
1800
1753
1801
1754
1802
1755
1803
1756
1804
1757
1805
1758
1806
1759
1807
1760
1808
1761
1809
1762
1810
1763
1811
1812
4935
1765
1813
1766
1814
1767
1815
1768
1816
1769
1817
1770
1818
1771
1819
1772
1820
1773
1821
1774
1822
1775
1823
1776
1824
1777
1825
1778
1826
1779
1827
1780
1828
1781
1829
1782
1830
1783
1831
1784
1832
1785
1833
1786
1834
1787
1835
1788
1836
1789
1837
1790
1838
1791
1839
1792
1840
1793
1841
1794
1842
1795
1843
1796
1844
1797
1845
1798
1846
1799
1847
1800
1848
1801
1849
1802
1850
1803
1851
1804
1852
1805
1853
1806
1854
1807
1855
1808
1856
1809
1857
1810
1858
1811
1859
1812
1860
1861
4936
1814
1862
1815
1863
1816
1864
1817
1865
1818
1866
1819
1867
1820
1868
1821
1869
1822
1870
1823
1871
1824
1872
1825
1873
1826
1874
1827
1875
1828
1876
1829
1877
1830
1878
1831
1879
1832
1880
1833
1881
1834
1882
1835
1883
1836
1884
1837
1885
1838
1886
1839
1887
1840
1888
1841
1889
1842
1890
1843
1891
1844
1892
1845
1893
1846
1894
1847
1895
1848
1896
1849
1897
1850
1898
1851
1899
1852
1900
1853
1901
1854
1902
1855
1903
1856
1904
1857
1905
1858
1906
1859
1907
1860
1908
1861
1909
1910
4937
1863
1911
1864
1912
1865
1913
1866
1914
1867
1915
1868
1916
1869
1917
1870
1918
1871
1919
1872
1920
1873
1921
1874
1922
1875
1923
1876
1924
1877
1925
1878
1926
1879
1927
1880
1928
1881
1929
1882
1930
1883
1931
1884
1932
1885
1933
1886
1934
1887
1935
1888
1936
1889
1937
1890
1938
1891
1939
1892
1940
1893
1941
1894
1942
1895
1943
1896
1944
1897
1945
1898
1946
1899
1947
1900
1948
1901
1949
1902
1950
1903
1951
1904
1952
1905
1953
1906
1954
1907
1955
1908
1956
1909
1957
1910
1958
1959
4938
1912
1960
1913
1961
1914
1962
1915
1963
1916
1964
1917
1965
1918
1966
1919
1967
1920
1968
1921
1969
1922
1970
1923
1971
1924
1972
1925
1973
1926
1974
1927
1975
1928
1976
1929
1977
1930
1978
1931
1979
1932
1980
1933
1981
1934
1982
1935
1983
1936
1984
1937
1985
1938
1986
1939
1987
1940
1988
1941
1989
1942
1990
1943
1991
1944
1992
1945
1993
1946
1994
1947
1995
1948
1996
1949
1997
1950
1998
1951
1999
1952
2000
1953
2001
1954
2002
1955
2003
1956
2004
1957
2005
1958
2006
1959
2007
2008
4939
1961
2009
1962
2010
1963
2011
1964
2012
1965
2013
1966
2014
1967
2015
1968
2016
1969
2017
1970
2018
1971
2019
1972
2020
1973
2021
1974
2022
1975
2023
1976
2024
1977
2025
1978
2026
1979
2027
1980
2028
1981
2029
1982
2030
1983
2031
1984
2032
1985
2033
1986
2034
1987
2035
1988
2036
1989
2037
1990
2038
1991
2039
1992
2040
1993
2041
1994
2042
1995
2043
1996
2044
1997
2045
1998
2046
1999
2047
2000
2048
2001
2049
2002
2050
2003
2051
2004
2052
2005
2053
2006
2054
2007
2055
2008
2056
2057
4940
2010
2058
2011
2059
2012
2060
2013
2061
2014
2062
2015
2063
2016
2064
2017
2065
2018
2066
2019
2067
2020
2068
2021
2069
2022
2070
2023
2071
2024
2072
2025
2073
2026
2074
2027
2075
2028
2076
2029
2077
2030
2078
2031
2079
2032
2080
2033
2081
2034
2082
2035
2083
2036
2084
2037
2085
2038
2086
2039
2087
2040
2088
2041
2089
2042
2090
2043
2091
2044
2092
2045
2093
2046
2094
2047
2095
2048
2096
2049
2097
2050
2098
2051
2099
2052
2100
2053
2101
2054
2102
2055
2103
2056
2104
2057
2105
2106
4941
2059
2107
2060
2108
2061
2109
2062
2110
2063
2111
2064
2112
2065
2113
2066
2114
2067
2115
2068
2116
2069
2117
2070
2118
2071
2119
2072
2120
2073
2121
2074
2122
2075
2123
2076
2124
2077
2125
2078
2126
2079
2127
2080
2128
2081
2129
2082
2130
2083
2131
2084
2132
2085
2133
2086
2134
2087
2135
2088
2136
2089
2137
2090
2138
2091
2139
2092
2140
2093
2141
2094
2142
2095
2143
2096
2144
2097
2145
2098
2146
2099
2147
2100
2148
2101
2149
2102
2150
2103
2151
2104
2152
2105
2153
2106
2154
2155
4942
2108
2156
2109
2157
2110
2158
2111
2159
2112
2160
2113
2161
2114
2162
2115
2163
2116
2164
2117
2165
2118
2166
2119
2167
2120
2168
2121
2169
2122
2170
2123
2171
2124
2172
2125
2173
2126
2174
2127
2175
2128
2176
2129
2177
2130
2178
2131
2179
2132
2180
2133
2181
2134
2182
2135
2183
2136
2184
2137
2185
2138
2186
2139
2187
2140
2188
2141
2189
2142
2190
2143
2191
2144
2192
2145
2193
2146
2194
2147
2195
2148
2196
2149
2197
2150
2198
2151
2199
2152
2200
2153
2201
2154
2202
2155
2203
2204
4943
2157
2205
2158
2206
2159
2207
2160
2208
2161
2209
2162
2210
2163
2211
2164
2212
2165
2213
2166
2214
2167
2215
2168
2216
2169
2217
2170
2218
2171
2219
2172
2220
2173
2221
2174
2222
2175
2223
2176
2224
2177
2225
2178
2226
2179
2227
2180
2228
2181
2229
2182
2230
2183
2231
2184
2232
2185
2233
2186
2234
2187
2235
2188
2236
2189
2237
2190
2238
2191
2239
2192
2240
2193
2241
2194
2242
2195
2243
2196
2244
2197
2245
2198
2246
2199
2247
2200
2248
2201
2249
2202
2250
2203
2251
2204
2252
2253
4944
2206
2254
2207
2255
2208
2256
2209
2257
2210
2258
2211
2259
2212
2260
2213
2261
2214
2262
2215
2263
2216
2264
2217
2265
2218
2266
2219
2267
2220
2268
2221
2269
2222
2270
2223
2271
2224
2272
2225
2273
2226
2274
2227
2275
2228
2276
2229
2277
2230
2278
2231
2279
2232
2280
2233
2281
2234
2282
2235
2283
2236
2284
2237
2285
2238
2286
2239
2287
2240
2288
2241
2289
2242
2290
2243
2291
2244
2292
2245
2293
2246
2294
2247
2295
2248
2296
2249
2297
2250
2298
2251
2299
2252
2300
2253
2301
2302
4945
2255
2303
2256
2304
2257
2305
2258
2306
2259
2307
2260
2308
2261
2309
2262
2310
2263
2311
2264
2312
2265
2313
2266
2314
2267
2315
2268
2316
2269
2317
2270
2318
2271
2319
2272
2320
2273
2321
2274
2322
2275
2323
2276
2324
2277
2325
2278
2326
2279
2327
2280
2328
2281
2329
2282
2330
2283
2331
2284
2332
2285
2333
2286
2334
2287
2335
2288
2336
2289
2337
2290
2338
2291
2339
2292
2340
2293
2341
2294
2342
2295
2343
2296
2344
2297
2345
2298
2346
2299
2347
2300
2348
2301
2349
2302
2350
2351
4946
2304
2352
2305
2353
2306
2354
2307
2355
2308
2356
2309
2357
2310
2358
2311
2359
2312
2360
2313
2361
2314
2362
2315
2363
2316
2364
2317
2365
2318
2366
2319
2367
2320
2368
2321
2369
2322
2370
2323
2371
2324
2372
2325
2373
2326
2374
2327
2375
2328
2376
2329
2377
2330
2378
2331
2379
2332
2380
2333
2381
2334
2382
2335
2383
2336
2384
2337
2385
2338
2386
2339
2387
2340
2388
2341
2389
2342
2390
2343
2391
2344
2392
2345
2393
2346
2394
2347
2395
2348
2396
2349
2397
2350
2398
2351
2399
2400
4947
2353
2401
2354
2402
2355
2403
2356
2404
2357
2405
2358
2406
2359
2407
2360
2408
2361
2409
2362
2410
2363
2411
2364
2412
2365
2413
2366
2414
2367
2415
2368
2416
2369
2417
2370
2418
2371
2419
2372
2420
2373
2421
2374
2422
2375
2423
2376
2424
2377
2425
2378
2426
2379
2427
2380
2428
2381
2429
2382
2430
2383
2431
2384
2432
2385
2433
2386
2434
2387
2435
2388
2436
2389
2437
2390
2438
2391
2439
2392
2440
2393
2441
2394
2442
2395
2443
2396
2444
2397
2445
2398
2446
2399
2447
2400
2448
2449
4948
2402
2450
2403
2451
2404
2452
2405
2453
2406
2454
2407
2455
2408
2456
2409
2457
2410
2458
2411
2459
2412
2460
2413
2461
2414
2462
2415
2463
2416
2464
2417
2465
2418
2466
2419
2467
2420
2468
2421
2469
2422
2470
2423
2471
2424
2472
2425
2473
2426
2474
2427
2475
2428
2476
2429
2477
2430
2478
2431
2479
2432
2480
2433
2481
2434
2482
2435
2483
2436
2484
2437
2485
2438
2486
2439
2487
2440
2488
2441
2489
2442
2490
2443
2491
2444
2492
2445
2493
2446
2494
2447
2495
2448
2496
2449
2497
2498
4949
2451
2499
2452
2500
2453
2501
2454
2502
2455
2503
2456
2504
2457
2505
2458
2506
2459
2507
2460
2508
2461
2509
2462
2510
2463
2511
2464
2512
2465
2513
2466
2514
2467
2515
2468
2516
2469
2517
2470
2518
2471
2519
2472
2520
2473
2521
2474
2522
2475
2523
2476
2524
2477
2525
2478
2526
2479
2527
2480
2528
2481
2529
2482
2530
2483
2531
2484
2532
2485
2533
2486
2534
2487
2535
2488
2536
2489
2537
2490
2538
2491
2539
2492
2540
2493
2541
2494
2542
2495
2543
2496
2544
2497
2545
2498
2546
2547
4950
2500
2548
2501
2549
2502
2550
2503
2551
2504
2552
2505
2553
2506
2554
2507
2555
2508
2556
2509
2557
2510
2558
2511
2559
2512
2560
2513
2561
2514
2562
2515
2563
2516
2564
2517
2565
2518
2566
2519
2567
2520
2568
2521
2569
2522
2570
2523
2571
2524
2572
2525
2573
2526
2574
2527
2575
2528
2576
2529
2577
2530
2578
2531
2579
2532
2580
2533
2581
2534
2582
2535
2583
2536
2584
2537
2585
2538
2586
2539
2587
2540
2588
2541
2589
2542
2590
2543
2591
2544
2592
2545
2593
2546
2594
2547
2595
2596
4951
2549
2597
2550
2598
2551
2599
2552
2600
2553
2601
2554
2602
2555
2603
2556
2604
2557
2605
2558
2606
2559
2607
2560
2608
2561
2609
2562
2610
2563
2611
2564
2612
2565
2613
2566
2614
2567
2615
2568
2616
2569
2617
2570
2618
2571
2619
2572
2620
2573
2621
2574
2622
2575
2623
2576
2624
2577
2625
2578
2626
2579
2627
2580
2628
2581
2629
2582
2630
2583
2631
2584
2632
2585
2633
2586
2634
2587
2635
2588
2636
2589
2637
2590
2638
2591
2639
2592
2640
2593
2641
2594
2642
2595
2643
2596
2644
2645
4952
2598
2646
2599
2647
2600
2648
2601
2649
2602
2650
2603
2651
2604
2652
2605
2653
2606
2654
2607
2655
2608
2656
2609
2657
2610
2658
2611
2659
2612
2660
2613
2661
2614
2662
2615
2663
2616
2664
2617
2665
2618
2666
2619
2667
2620
2668
2621
2669
2622
2670
2623
2671
2624
2672
2625
2673
2626
2674
2627
2675
2628
2676
2629
2677
2630
2678
2631
2679
2632
2680
2633
2681
2634
2682
2635
2683
2636
2684
2637
2685
2638
2686
2639
2687
2640
2688
2641
2689
2642
2690
2643
2691
2644
2692
2645
2693
2694
4953
2647
2695
2648
2696
2649
2697
2650
2698
2651
2699
2652
2700
2653
2701
2654
2702
2655
2703
2656
2704
2657
2705
2658
2706
2659
2707
2660
2708
2661
2709
2662
2710
2663
2711
2664
2712
2665
2713
2666
2714
2667
2715
2668
2716
2669
2717
2670
2718
2671
2719
2672
2720
2673
2721
2674
2722
2675
2723
2676
2724
2677
2725
2678
2726
2679
2727
2680
2728
2681
2729
2682
2730
2683
2731
2684
2732
2685
2733
2686
2734
2687
2735
2688
2736
2689
2737
2690
2738
2691
2739
2692
2740
2693
2741
2694
2742
2743
4954
2696
2744
2697
2745
2698
2746
2699
2747
2700
2748
2701
2749
2702
2750
2703
2751
2704
2752
2705
2753
2706
2754
2707
2755
2708
2756
2709
2757
2710
2758
2711
2759
2712
2760
2713
2761
2714
2762
2715
2763
2716
2764
2717
2765
2718
2766
2719
2767
2720
2768
2721
2769
2722
2770
2723
2771
2724
2772
2725
2773
2726
2774
2727
2775
2728
2776
2729
2777
2730
2778
2731
2779
2732
2780
2733
2781
2734
2782
2735
2783
2736
2784
2737
2785
2738
2786
2739
2787
2740
2788
2741
2789
2742
2790
2743
2791
2792
4955
2745
2793
2746
2794
2747
2795
2748
2796
2749
2797
2750
2798
2751
2799
2752
2800
2753
2801
2754
2802
2755
2803
2756
2804
2757
2805
2758
2806
2759
2807
2760
2808
2761
2809
2762
2810
2763
2811
2764
2812
2765
2813
2766
2814
2767
2815
2768
2816
2769
2817
2770
2818
2771
2819
2772
2820
2773
2821
2774
2822
2775
2823
2776
2824
2777
2825
2778
2826
2779
2827
2780
2828
2781
2829
2782
2830
2783
2831
2784
2832
2785
2833
2786
2834
2787
2835
2788
2836
2789
2837
2790
2838
2791
2839
2792
2840
2841
4956
2794
2842
2795
2843
2796
2844
2797
2845
2798
2846
2799
2847
2800
2848
2801
2849
2802
2850
2803
2851
2804
2852
2805
2853
2806
2854
2807
2855
2808
2856
2809
2857
2810
2858
2811
2859
2812
2860
2813
2861
2814
2862
2815
2863
2816
2864
2817
2865
2818
2866
2819
2867
2820
2868
2821
2869
2822
2870
2823
2871
2824
2872
2825
2873
2826
2874
2827
2875
2828
2876
2829
2877
2830
2878
2831
2879
2832
2880
2833
2881
2834
2882
2835
2883
2836
2884
2837
2885
2838
2886
2839
2887
2840
2888
2841
2889
2890
4957
2843
2891
2844
2892
2845
2893
2846
2894
2847
2895
2848
2896
2849
2897
2850
2898
2851
2899
2852
2900
2853
2901
2854
2902
2855
2903
2856
2904
2857
2905
2858
2906
2859
2907
2860
2908
2861
2909
2862
2910
2863
2911
2864
2912
2865
2913
2866
2914
2867
2915
2868
2916
2869
2917
2870
2918
2871
2919
2872
2920
2873
2921
2874
2922
2875
2923
2876
2924
2877
2925
2878
2926
2879
2927
2880
2928
2881
2929
2882
2930
2883
2931
2884
2932
2885
2933
2886
2934
2887
2935
2888
2936
2889
2937
2890
2938
2939
4958
2892
2940
2893
2941
2894
2942
2895
2943
2896
2944
2897
2945
2898
2946
2899
2947
2900
2948
2901
2949
2902
2950
2903
2951
2904
2952
2905
2953
2906
2954
2907
2955
2908
2956
2909
2957
2910
2958
2911
2959
2912
2960
2913
2961
2914
2962
2915
2963
2916
2964
2917
2965
2918
2966
2919
2967
2920
2968
2921
2969
2922
2970
2923
2971
2924
2972
2925
2973
2926
2974
2927
2975
2928
2976
2929
2977
2930
2978
2931
2979
2932
2980
2933
2981
2934
2982
2935
2983
2936
2984
2937
2985
2938
2986
2939
2987
2988
4959
2941
2989
2942
2990
2943
2991
2944
2992
2945
2993
2946
2994
2947
2995
2948
2996
2949
2997
2950
2998
2951
2999
2952
3000
2953
3001
2954
3002
2955
3003
2956
3004
2957
3005
2958
3006
2959
3007
2960
3008
2961
3009
2962
3010
2963
3011
2964
3012
2965
3013
2966
3014
2967
3015
2968
3016
2969
3017
2970
3018
2971
3019
2972
3020
2973
3021
2974
3022
2975
3023
2976
3024
2977
3025
2978
3026
2979
3027
2980
3028
2981
3029
2982
3030
2983
3031
2984
3032
2985
3033
2986
3034
2987
3035
2988
3036
3037
4960
2990
3038
2991
3039
2992
3040
2993
3041
2994
3042
2995
3043
2996
3044
2997
3045
2998
3046
2999
3047
3000
3048
3001
3049
3002
3050
3003
3051
3004
3052
3005
3053
3006
3054
3007
3055
3008
3056
3009
3057
3010
3058
3011
3059
3012
3060
3013
3061
3014
3062
3015
3063
3016
3064
3017
3065
3018
3066
3019
3067
3020
3068
3021
3069
3022
3070
3023
3071
3024
3072
3025
3073
3026
3074
3027
3075
3028
3076
3029
3077
3030
3078
3031
3079
3032
3080
3033
3081
3034
3082
3035
3083
3036
3084
3037
3085
3086
4961
3039
3087
3040
3088
3041
3089
3042
3090
3043
3091
3044
3092
3045
3093
3046
3094
3047
3095
3048
3096
3049
3097
3050
3098
3051
3099
3052
3100
3053
3101
3054
3102
3055
3103
3056
3104
3057
3105
3058
3106
3059
3107
3060
3108
3061
3109
3062
3110
3063
3111
3064
3112
3065
3113
3066
3114
3067
3115
3068
3116
3069
3117
3070
3118
3071
3119
3072
3120
3073
3121
3074
3122
3075
3123
3076
3124
3077
3125
3078
3126
3079
3127
3080
3128
3081
3129
3082
3130
3083
3131
3084
3132
3085
3133
3086
3134
3135
4962
3088
3136
3089
3137
3090
3138
3091
3139
3092
3140
3093
3141
3094
3142
3095
3143
3096
3144
3097
3145
3098
3146
3099
3147
3100
3148
3101
3149
3102
3150
3103
3151
3104
3152
3105
3153
3106
3154
3107
3155
3108
3156
3109
3157
3110
3158
3111
3159
3112
3160
3113
3161
3114
3162
3115
3163
3116
3164
3117
3165
3118
3166
3119
3167
3120
3168
3121
3169
3122
3170
3123
3171
3124
3172
3125
3173
3126
3174
3127
3175
3128
3176
3129
3177
3130
3178
3131
3179
3132
3180
3133
3181
3134
3182
3135
3183
3184
4963
3137
3185
3138
3186
3139
3187
3140
3188
3141
3189
3142
3190
3143
3191
3144
3192
3145
3193
3146
3194
3147
3195
3148
3196
3149
3197
3150
3198
3151
3199
3152
3200
3153
3201
3154
3202
3155
3203
3156
3204
3157
3205
3158
3206
3159
3207
3160
3208
3161
3209
3162
3210
3163
3211
3164
3212
3165
3213
3166
3214
3167
3215
3168
3216
3169
3217
3170
3218
3171
3219
3172
3220
3173
3221
3174
3222
3175
3223
3176
3224
3177
3225
3178
3226
3179
3227
3180
3228
3181
3229
3182
3230
3183
3231
3184
3232
3233
4964
3186
3234
3187
3235
3188
3236
3189
3237
3190
3238
3191
3239
3192
3240
3193
3241
3194
3242
3195
3243
3196
3244
3197
3245
3198
3246
3199
3247
3200
3248
3201
3249
3202
3250
3203
3251
3204
3252
3205
3253
3206
3254
3207
3255
3208
3256
3209
3257
3210
3258
3211
3259
3212
3260
3213
3261
3214
3262
3215
3263
3216
3264
3217
3265
3218
3266
3219
3267
3220
3268
3221
3269
3222
3270
3223
3271
3224
3272
3225
3273
3226
3274
3227
3275
3228
3276
3229
3277
3230
3278
3231
3279
3232
3280
3233
3281
3282
4965
3235
3283
3236
3284
3237
3285
3238
3286
3239
3287
3240
3288
3241
3289
3242
3290
3243
3291
3244
3292
3245
3293
3246
3294
3247
3295
3248
3296
3249
3297
3250
3298
3251
3299
3252
3300
3253
3301
3254
3302
3255
3303
3256
3304
3257
3305
3258
3306
3259
3307
3260
3308
3261
3309
3262
3310
3263
3311
3264
3312
3265
3313
3266
3314
3267
3315
3268
3316
3269
3317
3270
3318
3271
3319
3272
3320
3273
3321
3274
3322
3275
3323
3276
3324
3277
3325
3278
3326
3279
3327
3280
3328
3281
3329
3282
3330
3331
4966
3284
3332
3285
3333
3286
3334
3287
3335
3288
3336
3289
3337
3290
3338
3291
3339
3292
3340
3293
3341
3294
3342
3295
3343
3296
3344
3297
3345
3298
3346
3299
3347
3300
3348
3301
3349
3302
3350
3303
3351
3304
3352
3305
3353
3306
3354
3307
3355
3308
3356
3309
3357
3310
3358
3311
3359
3312
3360
3313
3361
3314
3362
3315
3363
3316
3364
3317
3365
3318
3366
3319
3367
3320
3368
3321
3369
3322
3370
3323
3371
3324
3372
3325
3373
3326
3374
3327
3375
3328
3376
3329
3377
3330
3378
3331
3379
3380
4967
3333
3381
3334
3382
3335
3383
3336
3384
3337
3385
3338
3386
3339
3387
3340
3388
3341
3389
3342
3390
3343
3391
3344
3392
3345
3393
3346
3394
3347
3395
3348
3396
3349
3397
3350
3398
3351
3399
3352
3400
3353
3401
3354
3402
3355
3403
3356
3404
3357
3405
3358
3406
3359
3407
3360
3408
3361
3409
3362
3410
3363
3411
3364
3412
3365
3413
3366
3414
3367
3415
3368
3416
3369
3417
3370
3418
3371
3419
3372
3420
3373
3421
3374
3422
3375
3423
3376
3424
3377
3425
3378
3426
3379
3427
3380
3428
3429
4968
3382
3430
3383
3431
3384
3432
3385
3433
3386
3434
3387
3435
3388
3436
3389
3437
3390
3438
3391
3439
3392
3440
3393
3441
3394
3442
3395
3443
3396
3444
3397
3445
3398
3446
3399
3447
3400
3448
3401
3449
3402
3450
3403
3451
3404
3452
3405
3453
3406
3454
3407
3455
3408
3456
3409
3457
3410
3458
3411
3459
3412
3460
3413
3461
3414
3462
3415
3463
3416
3464
3417
3465
3418
3466
3419
3467
3420
3468
3421
3469
3422
3470
3423
3471
3424
3472
3425
3473
3426
3474
3427
3475
3428
3476
3429
3477
3478
4969
3431
3479
3432
3480
3433
3481
3434
3482
3435
3483
3436
3484
3437
3485
3438
3486
3439
3487
3440
3488
3441
3489
3442
3490
3443
3491
3444
3492
3445
3493
3446
3494
3447
3495
3448
3496
3449
3497
3450
3498
3451
3499
3452
3500
3453
3501
3454
3502
3455
3503
3456
3504
3457
3505
3458
3506
3459
3507
3460
3508
3461
3509
3462
3510
3463
3511
3464
3512
3465
3513
3466
3514
3467
3515
3468
3516
3469
3517
3470
3518
3471
3519
3472
3520
3473
3521
3474
3522
3475
3523
3476
3524
3477
3525
3478
3526
3527
4970
3480
3528
3481
3529
3482
3530
3483
3531
3484
3532
3485
3533
3486
3534
3487
3535
3488
3536
3489
3537
3490
3538
3491
3539
3492
3540
3493
3541
3494
3542
3495
3543
3496
3544
3497
3545
3498
3546
3499
3547
3500
3548
3501
3549
3502
3550
3503
3551
3504
3552
3505
3553
3506
3554
3507
3555
3508
3556
3509
3557
3510
3558
3511
3559
3512
3560
3513
3561
3514
3562
3515
3563
3516
3564
3517
3565
3518
3566
3519
3567
3520
3568
3521
3569
3522
3570
3523
3571
3524
3572
3525
3573
3526
3574
3527
3575
3576
4971
3529
3577
3530
3578
3531
3579
3532
3580
3533
3581
3534
3582
3535
3583
3536
3584
3537
3585
3538
3586
3539
3587
3540
3588
3541
3589
3542
3590
3543
3591
3544
3592
3545
3593
3546
3594
3547
3595
3548
3596
3549
3597
3550
3598
3551
3599
3552
3600
3553
3601
3554
3602
3555
3603
3556
3604
3557
3605
3558
3606
3559
3607
3560
3608
3561
3609
3562
3610
3563
3611
3564
3612
3565
3613
3566
3614
3567
3615
3568
3616
3569
3617
3570
3618
3571
3619
3572
3620
3573
3621
3574
3622
3575
3623
3576
3624
3625
4972
3578
3626
3579
3627
3580
3628
3581
3629
3582
3630
3583
3631
3584
3632
3585
3633
3586
3634
3587
3635
3588
3636
3589
3637
3590
3638
3591
3639
3592
3640
3593
3641
3594
3642
3595
3643
3596
3644
3597
3645
3598
3646
3599
3647
3600
3648
3601
3649
3602
3650
3603
3651
3604
3652
3605
3653
3606
3654
3607
3655
3608
3656
3609
3657
3610
3658
3611
3659
3612
3660
3613
3661
3614
3662
3615
3663
3616
3664
3617
3665
3618
3666
3619
3667
3620
3668
3621
3669
3622
3670
3623
3671
3624
3672
3625
3673
3674
4973
3627
3675
3628
3676
3629
3677
3630
3678
3631
3679
3632
3680
3633
3681
3634
3682
3635
3683
3636
3684
3637
3685
3638
3686
3639
3687
3640
3688
3641
3689
3642
3690
3643
3691
3644
3692
3645
3693
3646
3694
3647
3695
3648
3696
3649
3697
3650
3698
3651
3699
3652
3700
3653
3701
3654
3702
3655
3703
3656
3704
3657
3705
3658
3706
3659
3707
3660
3708
3661
3709
3662
3710
3663
3711
3664
3712
3665
3713
3666
3714
3667
3715
3668
3716
3669
3717
3670
3718
3671
3719
3672
3720
3673
3721
3674
3722
3723
4974
3676
3724
3677
3725
3678
3726
3679
3727
3680
3728
3681
3729
3682
3730
3683
3731
3684
3732
3685
3733
3686
3734
3687
3735
3688
3736
3689
3737
3690
3738
3691
3739
3692
3740
3693
3741
3694
3742
3695
3743
3696
3744
3697
3745
3698
3746
3699
3747
3700
3748
3701
3749
3702
3750
3703
3751
3704
3752
3705
3753
3706
3754
3707
3755
3708
3756
3709
3757
3710
3758
3711
3759
3712
3760
3713
3761
3714
3762
3715
3763
3716
3764
3717
3765
3718
3766
3719
3767
3720
3768
3721
3769
3722
3770
3723
3771
3772
4975
3725
3773
3726
3774
3727
3775
3728
3776
3729
3777
3730
3778
3731
3779
3732
3780
3733
3781
3734
3782
3735
3783
3736
3784
3737
3785
3738
3786
3739
3787
3740
3788
3741
3789
3742
3790
3743
3791
3744
3792
3745
3793
3746
3794
3747
3795
3748
3796
3749
3797
3750
3798
3751
3799
3752
3800
3753
3801
3754
3802
3755
3803
3756
3804
3757
3805
3758
3806
3759
3807
3760
3808
3761
3809
3762
3810
3763
3811
3764
3812
3765
3813
3766
3814
3767
3815
3768
3816
3769
3817
3770
3818
3771
3819
3772
3820
3821
4976
3774
3822
3775
3823
3776
3824
3777
3825
3778
3826
3779
3827
3780
3828
3781
3829
3782
3830
3783
3831
3784
3832
3785
3833
3786
3834
3787
3835
3788
3836
3789
3837
3790
3838
3791
3839
3792
3840
3793
3841
3794
3842
3795
3843
3796
3844
3797
3845
3798
3846
3799
3847
3800
3848
3801
3849
3802
3850
3803
3851
3804
3852
3805
3853
3806
3854
3807
3855
3808
3856
3809
3857
3810
3858
3811
3859
3812
3860
3813
3861
3814
3862
3815
3863
3816
3864
3817
3865
3818
3866
3819
3867
3820
3868
3821
3869
3870
4977
3823
3871
3824
3872
3825
3873
3826
3874
3827
3875
3828
3876
3829
3877
3830
3878
3831
3879
3832
3880
3833
3881
3834
3882
3835
3883
3836
3884
3837
3885
3838
3886
3839
3887
3840
3888
3841
3889
3842
3890
3843
3891
3844
3892
3845
3893
3846
3894
3847
3895
3848
3896
3849
3897
3850
3898
3851
3899
3852
3900
3853
3901
3854
3902
3855
3903
3856
3904
3857
3905
3858
3906
3859
3907
3860
3908
3861
3909
3862
3910
3863
3911
3864
3912
3865
3913
3866
3914
3867
3915
3868
3916
3869
3917
3870
3918
3919
4978
3872
3920
3873
3921
3874
3922
3875
3923
3876
3924
3877
3925
3878
3926
3879
3927
3880
3928
3881
3929
3882
3930
3883
3931
3884
3932
3885
3933
3886
3934
3887
3935
3888
3936
3889
3937
3890
3938
3891
3939
3892
3940
3893
3941
3894
3942
3895
3943
3896
3944
3897
3945
3898
3946
3899
3947
3900
3948
3901
3949
3902
3950
3903
3951
3904
3952
3905
3953
3906
3954
3907
3955
3908
3956
3909
3957
3910
3958
3911
3959
3912
3960
3913
3961
3914
3962
3915
3963
3916
3964
3917
3965
3918
3966
3919
3967
3968
4979
3921
3969
3922
3970
3923
3971
3924
3972
3925
3973
3926
3974
3927
3975
3928
3976
3929
3977
3930
3978
3931
3979
3932
3980
3933
3981
3934
3982
3935
3983
3936
3984
3937
3985
3938
3986
3939
3987
3940
3988
3941
3989
3942
3990
3943
3991
3944
3992
3945
3993
3946
3994
3947
3995
3948
3996
3949
3997
3950
3998
3951
3999
3952
4000
3953
4001
3954
4002
3955
4003
3956
4004
3957
4005
3958
4006
3959
4007
3960
4008
3961
4009
3962
4010
3963
4011
3964
4012
3965
4013
3966
4014
3967
4015
3968
4016
4017
4980
3970
4018
3971
4019
3972
4020
3973
4021
3974
4022
3975
4023
3976
4024
3977
4025
3978
4026
3979
4027
3980
4028
3981
4029
3982
4030
3983
4031
3984
4032
3985
4033
3986
4034
3987
4035
3988
4036
3989
4037
3990
4038
3991
4039
3992
4040
3993
4041
3994
4042
3995
4043
3996
4044
3997
4045
3998
4046
3999
4047
4000
4048
4001
4049
4002
4050
4003
4051
4004
4052
4005
4053
4006
4054
4007
4055
4008
4056
4009
4057
4010
4058
4011
4059
4012
4060
4013
4061
4014
4062
4015
4063
4016
4064
4017
4065
4066
4981
4019
4067
4020
4068
4021
4069
4022
4070
4023
4071
4024
4072
4025
4073
4026
4074
4027
4075
4028
4076
4029
4077
4030
4078
4031
4079
4032
4080
4033
4081
4034
4082
4035
4083
4036
4084
4037
4085
4038
4086
4039
4087
4040
4088
4041
4089
4042
4090
4043
4091
4044
4092
4045
4093
4046
4094
4047
4095
4048
4096
4049
4097
4050
4098
4051
4099
4052
4100
4053
4101
4054
4102
4055
4103
4056
4104
4057
4105
4058
4106
4059
4107
4060
4108
4061
4109
4062
4110
4063
4111
4064
4112
4065
4113
4066
4114
4115
4982
4068
4116
4069
4117
4070
4118
4071
4119
4072
4120
4073
4121
4074
4122
4075
4123
4076
4124
4077
4125
4078
4126
4079
4127
4080
4128
4081
4129
4082
4130
4083
4131
4084
4132
4085
4133
4086
4134
4087
4135
4088
4136
4089
4137
4090
4138
4091
4139
4092
4140
4093
4141
4094
4142
4095
4143
4096
4144
4097
4145
4098
4146
4099
4147
4100
4148
4101
4149
4102
4150
4103
4151
4104
4152
4105
4153
4106
4154
4107
4155
4108
4156
4109
4157
4110
4158
4111
4159
4112
4160
4113
4161
4114
4162
4115
4163
4164
4983
4117
4165
4118
4166
4119
4167
4120
4168
4121
4169
4122
4170
4123
4171
4124
4172
4125
4173
4126
4174
4127
4175
4128
4176
4129
4177
4130
4178
4131
4179
4132
4180
4133
4181
4134
4182
4135
4183
4136
4184
4137
4185
4138
4186
4139
4187
4140
4188
4141
4189
4142
4190
4143
4191
4144
4192
4145
4193
4146
4194
4147
4195
4148
4196
4149
4197
4150
4198
4151
4199
4152
4200
4153
4201
4154
4202
4155
4203
4156
4204
4157
4205
4158
4206
4159
4207
4160
4208
4161
4209
4162
4210
4163
4211
4164
4212
4213
4984
4166
4214
4167
4215
4168
4216
4169
4217
4170
4218
4171
4219
4172
4220
4173
4221
4174
4222
4175
4223
4176
4224
4177
4225
4178
4226
4179
4227
4180
4228
4181
4229
4182
4230
4183
4231
4184
4232
4185
4233
4186
4234
4187
4235
4188
4236
4189
4237
4190
4238
4191
4239
4192
4240
4193
4241
4194
4242
4195
4243
4196
4244
4197
4245
4198
4246
4199
4247
4200
4248
4201
4249
4202
4250
4203
4251
4204
4252
4205
4253
4206
4254
4207
4255
4208
4256
4209
4257
4210
4258
4211
4259
4212
4260
4213
4261
4262
4985
4215
4263
4216
4264
4217
4265
4218
4266
4219
4267
4220
4268
4221
4269
4222
4270
4223
4271
4224
4272
4225
4273
4226
4274
4227
4275
4228
4276
4229
4277
4230
4278
4231
4279
4232
4280
4233
4281
4234
4282
4235
4283
4236
4284
4237
4285
4238
4286
4239
4287
4240
4288
4241
4289
4242
4290
4243
4291
4244
4292
4245
4293
4246
4294
4247
4295
4248
4296
4249
4297
4250
4298
4251
4299
4252
4300
4253
4301
4254
4302
4255
4303
4256
4304
4257
4305
4258
4306
4259
4307
4260
4308
4261
4309
4262
4310
4311
4986
4264
4312
4265
4313
4266
4314
4267
4315
4268
4316
4269
4317
4270
4318
4271
4319
4272
4320
4273
4321
4274
4322
4275
4323
4276
4324
4277
4325
4278
4326
4279
4327
4280
4328
4281
4329
4282
4330
4283
4331
4284
4332
4285
4333
4286
4334
4287
4335
4288
4336
4289
4337
4290
4338
4291
4339
4292
4340
4293
4341
4294
4342
4295
4343
4296
4344
4297
4345
4298
4346
4299
4347
4300
4348
4301
4349
4302
4350
4303
4351
4304
4352
4305
4353
4306
4354
4307
4355
4308
4356
4309
4357
4310
4358
4311
4359
4360
4987
4313
4361
4314
4362
4315
4363
4316
4364
4317
4365
4318
4366
4319
4367
4320
4368
4321
4369
4322
4370
4323
4371
4324
4372
4325
4373
4326
4374
4327
4375
4328
4376
4329
4377
4330
4378
4331
4379
4332
4380
4333
4381
4334
4382
4335
4383
4336
4384
4337
4385
4338
4386
4339
4387
4340
4388
4341
4389
4342
4390
4343
4391
4344
4392
4345
4393
4346
4394
4347
4395
4348
4396
4349
4397
4350
4398
4351
4399
4352
4400
4353
4401
4354
4402
4355
4403
4356
4404
4357
4405
4358
4406
4359
4407
4360
4408
4409
4988
4362
4410
4363
4411
4364
4412
4365
4413
4366
4414
4367
4415
4368
4416
4369
4417
4370
4418
4371
4419
4372
4420
4373
4421
4374
4422
4375
4423
4376
4424
4377
4425
4378
4426
4379
4427
4380
4428
4381
4429
4382
4430
4383
4431
4384
4432
4385
4433
4386
4434
4387
4435
4388
4436
4389
4437
4390
4438
4391
4439
4392
4440
4393
4441
4394
4442
4395
4443
4396
4444
4397
4445
4398
4446
4399
4447
4400
4448
4401
4449
4402
4450
4403
4451
4404
4452
4405
4453
4406
4454
4407
4455
4408
4456
4409
4457
4458
4989
4411
4459
4412
4460
4413
4461
4414
4462
4415
4463
4416
4464
4417
4465
4418
4466
4419
4467
4420
4468
4421
4469
4422
4470
4423
4471
4424
4472
4425
4473
4426
4474
4427
4475
4428
4476
4429
4477
4430
4478
4431
4479
4432
4480
4433
4481
4434
4482
4435
4483
4436
4484
4437
4485
4438
4486
4439
4487
4440
4488
4441
4489
4442
4490
4443
4491
4444
4492
4445
4493
4446
4494
4447
4495
4448
4496
4449
4497
4450
4498
4451
4499
4452
4500
4453
4501
4454
4502
4455
4503
4456
4504
4457
4505
4458
4506
4507
4990
4460
4508
4461
4509
4462
4510
4463
4511
4464
4512
4465
4513
4466
4514
4467
4515
4468
4516
4469
4517
4470
4518
4471
4519
4472
4520
4473
4521
4474
4522
4475
4523
4476
4524
4477
4525
4478
4526
4479
4527
4480
4528
4481
4529
4482
4530
4483
4531
4484
4532
4485
4533
4486
4534
4487
4535
4488
4536
4489
4537
4490
4538
4491
4539
4492
4540
4493
4541
4494
4542
4495
4543
4496
4544
4497
4545
4498
4546
4499
4547
4500
4548
4501
4549
4502
4550
4503
4551
4504
4552
4505
4553
4506
4554
4507
4555
4556
4991
4509
4557
4510
4558
4511
4559
4512
4560
4513
4561
4514
4562
4515
4563
4516
4564
4517
4565
4518
4566
4519
4567
4520
4568
4521
4569
4522
4570
4523
4571
4524
4572
4525
4573
4526
4574
4527
4575
4528
4576
4529
4577
4530
4578
4531
4579
4532
4580
4533
4581
4534
4582
4535
4583
4536
4584
4537
4585
4538
4586
4539
4587
4540
4588
4541
4589
4542
4590
4543
4591
4544
4592
4545
4593
4546
4594
4547
4595
4548
4596
4549
4597
4550
4598
4551
4599
4552
4600
4553
4601
4554
4602
4555
4603
4556
4604
4605
4992
4558
4606
4559
4607
4560
4608
4561
4609
4562
4610
4563
4611
4564
4612
4565
4613
4566
4614
4567
4615
4568
4616
4569
4617
4570
4618
4571
4619
4572
4620
4573
4621
4574
4622
4575
4623
4576
4624
4577
4625
4578
4626
4579
4627
4580
4628
4581
4629
4582
4630
4583
4631
4584
4632
4585
4633
4586
4634
4587
4635
4588
4636
4589
4637
4590
4638
4591
4639
4592
4640
4593
4641
4594
4642
4595
4643
4596
4644
4597
4645
4598
4646
4599
4647
4600
4648
4601
4649
4602
4650
4603
4651
4604
4652
4605
4653
4654
4993
4607
4655
4608
4656
4609
4657
4610
4658
4611
4659
4612
4660
4613
4661
4614
4662
4615
4663
4616
4664
4617
4665
4618
4666
4619
4667
4620
4668
4621
4669
4622
4670
4623
4671
4624
4672
4625
4673
4626
4674
4627
4675
4628
4676
4629
4677
4630
4678
4631
4679
4632
4680
4633
4681
4634
4682
4635
4683
4636
4684
4637
4685
4638
4686
4639
4687
4640
4688
4641
4689
4642
4690
4643
4691
4644
4692
4645
4693
4646
4694
4647
4695
4648
4696
4649
4697
4650
4698
4651
4699
4652
4700
4653
4701
4654
4702
4703
4994
4656
4704
4657
4705
4658
4706
4659
4707
4660
4708
4661
4709
4662
4710
4663
4711
4664
4712
4665
4713
4666
4714
4667
4715
4668
4716
4669
4717
4670
4718
4671
4719
4672
4720
4673
4721
4674
4722
4675
4723
4676
4724
4677
4725
4678
4726
4679
4727
4680
4728
4681
4729
4682
4730
4683
4731
4684
4732
4685
4733
4686
4734
4687
4735
4688
4736
4689
4737
4690
4738
4691
4739
4692
4740
4693
4741
4694
4742
4695
4743
4696
4744
4697
4745
4698
4746
4699
4747
4700
4748
4701
4749
4702
4750
4703
4751
4752
4995
4705
4753
4706
4754
4707
4755
4708
4756
4709
4757
4710
4758
4711
4759
4712
4760
4713
4761
4714
4762
4715
4763
4716
4764
4717
4765
4718
4766
4719
4767
4720
4768
4721
4769
4722
4770
4723
4771
4724
4772
4725
4773
4726
4774
4727
4775
4728
4776
4729
4777
4730
4778
4731
4779
4732
4780
4733
4781
4734
4782
4735
4783
4736
4784
4737
4785
4738
4786
4739
4787
4740
4788
4741
4789
4742
4790
4743
4791
4744
4792
4745
4793
4746
4794
4747
4795
4748
4796
4749
4797
4750
4798
4751
4799
4752
4800
4801
4996
4754
4802
4755
4803
4756
4804
4757
4805
4758
4806
4759
4807
4760
4808
4761
4809
4762
4810
4763
4811
4764
4812
4765
4813
4766
4814
4767
4815
4768
4816
4769
4817
4770
4818
4771
4819
4772
4820
4773
4821
4774
4822
4775
4823
4776
4824
4777
4825
4778
4826
4779
4827
4780
4828
4781
4829
4782
4830
4783
4831
4784
4832
4785
4833
4786
4834
4787
4835
4788
4836
4789
4837
4790
4838
4791
4839
4792
4840
4793
4841
4794
4842
4795
4843
4796
4844
4797
4845
4798
4846
4799
4847
4800
4848
4801
4849
4850
4997
4803
4851
4804
4852
4805
4853
4806
4854
4807
4855
4808
4856
4809
4857
4810
4858
4811
4859
4812
4860
4813
4861
4814
4862
4815
4863
4816
4864
4817
4865
4818
4866
4819
4867
4820
4868
4821
4869
4822
4870
4823
4871
4824
4872
4825
4873
4826
4874
4827
4875
4828
4876
4829
4877
4830
4878
4831
4879
4832
4880
4833
4881
4834
4882
4835
4883
4836
4884
4837
4885
4838
4886
4839
4887
4840
4888
4841
4889
4842
4890
4843
4891
4844
4892
4845
4893
4846
4894
4847
4895
4848
4896
4849
4897
4850
4898
4899
4998
4852
4853
4854
4855
4856
4857
4858
4859
4860
4861
4862
4863
4864
4865
4866
4867
4868
4869
4870
4871
4872
4873
4874
4875
4876
4877
4878
4879
4880
4881
4882
4883
4884
4885
4886
4887
4888
4889
4890
4891
4892
4893
4894
4895
4896
4897
4898
4899
4999
4901
4902
4903
4904
4905
4906
4907
4908
4909
4910
4911
4912
4913
4914
4915
4916
4917
4918
4919
4920
4921
4922
4923
4924
4925
4926
4927
4928
4929
4930
4931
4932
4933
4934
4935
4936
4937
4938
4939
4940
4941
4942
4943
4944
4945
4946
4947
4948
4949
4950
4951
4952
4953
4954
4955
4956
4957
4958
4959
4960
4961
4962
4963
4964
4965
4966
4967
4968
4969
4970
4971
4972
4973
4974
4975
4976
4977
4978
4979
4980
4981
4982
4983
4984
4985
4986
4987
4988
4989
4990
4991
4992
4993
4994
4995
4996
4997
4998
4999
)


// ************************************************************************* //
